8 0.409269 0.404330 0.267086 0.361732
12 0.932836 0.652235 0.131186 0.290503
2 0.276119 0.737430 0.220738 0.081006
11 0.313040 0.837291 0.087196 0.132682
11 0.435585 0.850559 0.047918 0.125698
2 0.068342 0.716480 0.133543 0.284916
8 0.409269 0.404330 0.267086 0.361732
12 0.932836 0.652235 0.131186 0.290503
2 0.276119 0.737430 0.220738 0.081006
11 0.313040 0.837291 0.087196 0.132682
11 0.435585 0.850559 0.047918 0.125698
2 0.068342 0.716480 0.133543 0.284916
8 0.409269 0.404330 0.267086 0.361732
12 0.932836 0.652235 0.131186 0.290503
2 0.276119 0.737430 0.220738 0.081006
11 0.313040 0.837291 0.087196 0.132682
11 0.435585 0.850559 0.047918 0.125698
2 0.068342 0.716480 0.133543 0.284916
1 0.701287 0.581378 0.315379 0.570577
