7 0.431118 0.487844 0.632091 0.551053
7 0.431118 0.487844 0.632091 0.551053
7 0.431118 0.487844 0.632091 0.551053
7 0.431118 0.487844 0.632091 0.551053
7 0.505673 0.469206 0.722853 0.474878
7 0.505673 0.469206 0.722853 0.474878
7 0.505673 0.469206 0.722853 0.474878
7 0.505673 0.469206 0.722853 0.474878
7 0.505673 0.469206 0.722853 0.474878
7 0.505673 0.469206 0.722853 0.474878
7 0.505673 0.469206 0.722853 0.474878
7 0.505673 0.469206 0.722853 0.474878
7 0.505673 0.469206 0.722853 0.474878
7 0.505673 0.469206 0.722853 0.474878
7 0.505673 0.469206 0.722853 0.474878
7 0.505673 0.469206 0.722853 0.474878
7 0.505673 0.469206 0.722853 0.474878
7 0.505673 0.469206 0.722853 0.474878
7 0.505673 0.469206 0.722853 0.474878
7 0.505673 0.469206 0.722853 0.474878
7 0.505673 0.469206 0.722853 0.474878
7 0.505673 0.469206 0.722853 0.474878
7 0.505673 0.469206 0.722853 0.474878
7 0.505673 0.469206 0.722853 0.474878
7 0.505673 0.469206 0.722853 0.474878
7 0.505673 0.469206 0.722853 0.474878
7 0.504862 0.506483 0.497569 0.432739
7 0.504862 0.506483 0.497569 0.432739
