1 0.123781 0.540667 0.190548 0.332000
2 0.151913 0.750000 0.101275 0.073333
1 0.123781 0.540667 0.190548 0.332000
2 0.151913 0.750000 0.101275 0.073333
1 0.123781 0.540667 0.190548 0.332000
2 0.151913 0.750000 0.101275 0.073333
1 0.123781 0.540667 0.190548 0.332000
2 0.151913 0.750000 0.101275 0.073333
1 0.123781 0.540667 0.190548 0.332000
2 0.151913 0.750000 0.101275 0.073333
1 0.123781 0.540667 0.190548 0.332000
2 0.151913 0.750000 0.101275 0.073333
1 0.123781 0.540667 0.190548 0.332000
2 0.151913 0.750000 0.101275 0.073333
